41840
41845
41848
41849
42028
42033
42037
05054
42047
42083
42123
42128
42135
42142
42154
42157
42163
42216
42221
42273
42283
42287
42288
42304
42364
42377
42403
42419
42502
42516
42558
42565
42603
42631
42634
42638
42649
42715
42719
42720
42741
42753
05085
42755
42759
43058
43086
43196
43198
43226
43234
43301
05159
43436
43456
43510
43552
43603
43635
05302
43697
43699
43702
05303
43750
05342
43926
43930
44005
44036
44096
44097
01008
05402
44181
44232
05406
05407
44258
44282
44334
44372
44501
44513
44631
05453
44648
44701
44735
01011
44867
45012
45018
01012
45201
05479
45222
45250
45253
45254
45262
45273
45274
45275
45277
45280
05490
45343
45361
01014
45413
05601
45428
45437
45441
45475
45490
45675
45677
45688
45717
45802
45839
46045
46061
46082
46129
46207
01026
46230
46244
46247
46251
46253
46308
05702
46361
46374
46379
46380
46411
46527
46546
46581
46624
46634
46660
46680
46801
46850
46851
46852
46853
46854
46855
46856
46857
46858
46859
46860
46861
46862
46863
46864
46865
46866
46867
46868
46869
46885
46895
46896
46898
46899
46921
01029
46935
46942
46946
46971
46995
47104
47107
47123
47131
47139
47151
47228
47249
47261
47322
47375
47392
47402
47427
47430
47431
47439
47445
47455
01032
47536
47547
47573
47576
47701
47702
47703
47704
47705
47706
47716
47719
47724
47728
47730
47731
47732
47733
47734
47735
47736
47737
47852
47865
47869
47870
47871
47916
01034
47984
47988
47996
48007
48086
48112
48113
48151
48232
48244
06011
48308
48311
48332
48410
48480
48501
48531
48606
48608
06034
48641
48736
48743
48764
48765
06045
48807
48816
48845
48870
48878
48901
48908
48909
49003
49005
49018
49019
49023
49062
49069
49121
06083
49463
49468
49510
49514
49515
49516
49518
49523
49528
49555
49560
49588
49599
01054
49675
49734
49775
49782
06123
06126
06127
06128
06129
06131
06132
06133
06134
50037
06137
06138
50059
06140
06141
06142
06143
50127
06144
06145
06146
06147
50246
50301
50302
50303
50304
50305
50306
50333
50340
50368
50393
50394
50402
50551
06245
50648
50704
50936
50940
50947
50950
50980
50981
51102
51231
51656
52004
52149
52319
01070
52348
52407
52408
52409
52410
52534
52538
52642
52733
52734
52805
52808
52809
53008
01072
06390
53199
53234
53237
53401
53490
53701
53707
53708
53744
54009
54221
54246
54305
54306
54307
54308
54324
54407
54429
54620
06501
06502
54702
06503
06504
06505
06506
06507
54769
06508
06509
54828
54850
54862
54912
54934
54936
54969
06520
06521
06530
06531
06532
06533
55078
06534
06535
06536
06537
06538
55164
55165
55166
01084
06540
55175
06601
55307
55348
55365
55377
55383
55393
55394
55399
55458
55459
55460
55470
55473
55480
55550
55551
55552
55553
55554
55555
55556
55557
06703
55559
55560
55561
55562
55563
55564
55565
55566
55567
55568
55569
55570
55571
55572
55573
55574
55575
55576
55577
55578
55579
55580
55581
55582
55583
55584
55585
55586
55587
55588
55589
55590
55591
55592
55593
55594
55595
55596
55597
55598
55599
55601
55701
55724
55730
06720
06721
55745
55747
55753
06722
55766
55769
06723
55777
55782
06724
55791
06725
55801
06726
55815
55816
55950
55961
56006
56024
56084
56111
56119
56129
56146
56180
56210
56218
56273
56280
06792
56327
56397
56398
06813
56478
56502
56538
56541
56561
56563
56572
01094
56590
56619
06836
56653
56658
06838
56685
56713
56741
06852
56758
56901
56915
56920
56933
56944
56972
57056
57117
57118
01096
57231
06881
57272
57329
01097
57402
57421
57436
06903
57445
06904
57467
01098
06911
06912
57640
57641
06914
57650
57656
57703
06921
57763
57776
57782
58035
58062
58064
58074
58106
58107
58108
58109
07007
58206
58208
01102
58224
58313
58319
58325
58335
58367
58381
58402
58405
58418
58422
58423
58431
58438
58452
58502
58602
58702
59012
59020
07051
59066
59067
59075
59081
59083
59103
59104
59107
59108
59240
59244
59273
59311
59312
59314
59316
59319
59322
59324
59332
59336
59345
59403
59406
59444
59465
59468
59537
59604
59620
59624
59719
59773
59903
59904
59928
07091
60009
60011
60039
07096
60065
60078
60079
07101
60092
60094
60121
60159
60168
60186
60187
60197
60204
60296
60297
60303
60409
60412
60483
01116
60567
60597
60664
60680
60681
60690
60691
60695
60915
60939
60941
07308
07309
60967
61007
61024
07395
61105
61106
61110
61115
61126
61130
61131
61132
61204
61252
61261
61324
61402
61426
61439
61543
07451
61612
61650
61651
61652
61653
61654
61655
61656
61702
61758
01138
61803
61824
61825
61826
61839
61850
61855
61911
61925
01139
61943
61949
62023
07507
07509
07510
07511
62204
62242
07533
07538
62266
07543
62279
07544
07602
62329
62413
62435
62464
62469
62479
62481
07630
62651
62660
62662
01195
62705
62708
62791
62794
07653
62834
62855
62861
62955
62962
62973
62977
63024
63047
01202
63151
63156
63157
63158
63163
63166
63177
63178
63179
63188
63338
63370
63378
63386
63387
63464
63466
63532
63535
63540
63541
63632
63702
63742
63750
63763
63770
07754
63875
63880
63902
63931
63962
63963
01223
07802
64141
64179
64188
64196
64199
64654
64745
64766
64771
64790
64864
65001
65036
65055
65061
65067
65205
65280
65286
65302
65402
65443
65446
65484
65541
65564
65607
65627
65645
07902
65657
65673
65728
65730
65783
65805
65808
65814
65817
66023
01235
66051
66058
66063
66077
66094
66110
66119
66201
07962
66222
66225
07963
66283
66285
66286
66403
66404
66406
66411
66412
66415
66416
66417
66419
66424
66426
66427
66428
66432
66436
66438
66439
66505
66515
66516
66520
66521
66522
66527
66532
66538
66540
66541
66544
66548
66549
66550
66552
66647
66667
66675
66683
66714
66751
66759
66767
66782
66863
66930
66940
66943
66945
66946
66953
66958
67055
67150
67201
67275
67277
67278
67425
67485
67490
01243
67566
67639
01244
68009
68103
68109
68119
68120
68139
68145
08076
68379
68509
68542
68702
08099
08101
68881
69103
69135
01255
69363
70004
70009
70010
70011
70033
70044
70055
70059
70064
70069
70073
70081
70093
70097
70140
70141
70150
70151
70152
70153
70156
70157
70158
70160
70161
70172
70174
70175
70176
70177
70178
70179
70181
70182
70183
70184
70185
70186
70187
70189
70190
70361
70381
70429
70434
70470
70502
70504
70505
70509
70511
70527
70571
70593
70595
70596
70602
70606
70609
70612
70616
70629
70704
70707
01259
70727
70765
70804
70813
70826
70831
70833
70835
70837
70873
70874
70879
70883
70884
70892
70893
70894
70895
70896
70898
71120
71130
71133
71134
71135
71136
71137
71138
71148
71149
71161
71162
71163
71164
71165
71166
71171
71172
71207
71210
71211
71212
71213
71217
71221
71249
08353
71284
71294
71306
71307
71309
71315
71316
71361
08404
71427
71428
71434
71443
71458
71496
71651
71657
71658
71659
71661
71663
71674
71675
71676
71677
71678
71711
71721
71725
71731
71754
71772
71802
71820
71828
71844
71864
71902
71914
71933
71935
71941
71942
71951
71961
71965
71966
71969
72001
72005
72014
72017
72018
72028
72033
72036
72038
72041
72044
72051
72059
72060
72066
72069
72073
72074
72078
72084
72088
72089
72108
72123
72124
72128
72130
72133
72136
72140
72145
72152
72158
72167
72170
72175
72179
72190
72203
01270
08601
72214
72215
72216
72217
72219
72221
72222
72225
08602
72260
72295
72313
08603
72328
08604
72329
72330
72333
72336
72340
08605
72347
72350
72351
72352
72353
08606
72367
72369
08607
72379
72383
72387
72389
72402
72429
72431
72440
72444
72451
72466
72470
08625
72478
72482
72512
72515
72517
72519
72520
72522
72523
72524
72525
72528
72530
72531
72532
72536
72537
72538
72539
72546
72554
72565
72566
72568
72569
72572
72573
72576
72577
72578
72583
72584
72585
72587
72602
72613
72617
72623
72624
72628
72629
72630
72636
72639
72640
72645
72650
72654
72655
72657
72660
72661
72663
72666
72668
72669
72670
72675
72679
72683
72686
72702
72742
72766
72811
72812
72838
72841
72852
72856
72913
72914
72917
72918
73022
73039
73083
73101
73113
73124
73126
73136
73140
73143
73144
73146
73147
73148
73152
73153
73154
73155
73156
73157
73178
73193
73197
73198
73199
73301
73344
73402
73403
01338
73522
73534
73648
73726
73944
74013
74018
74102
74121
74147
74148
74149
74150
74152
74153
74155
74156
74157
74158
74159
74169
74170
74345
74439
74440
08855
74465
74477
74535
74577
74602
74818
74840
74963
75011
75014
75016
75017
75026
75027
75029
75038
75049
75083
75085
75086
75091
75101
75102
75105
75106
75118
75121
75123
75138
08903
75144
75153
75155
75161
75167
75168
08906
75207
75218
75221
75222
75250
75264
75265
75266
75313
75339
75354
75355
75356
75357
75358
75359
75367
75371
75374
75376
75378
75379
75380
75381
75382
75389
10008
75401
75403
75404
75411
75412
75413
75416
75422
75423
75425
75429
75434
75435
75443
75447
75449
75450
75453
75456
75468
75469
75473
75477
75478
75485
75487
75550
75554
75555
75556
75558
75559
75562
75563
75564
75565
75566
75568
75571
75607
75608
75615
75636
75637
75639
75653
75659
75663
75669
75680
01350
75710
75711
75712
75713
75758
75802
75831
75832
75833
75834
75838
75840
75846
75847
75848
75849
10032
75851
75855
75856
75859
75860
75903
75915
75936
75937
75944
75951
75958
75960
75974
75978
76001
76003
76007
76009
76018
76034
76041
76043
76054
76055
76061
76064
76066
76068
76070
76077
76082
76093
76094
76096
76097
76098
76099
76101
76113
76115
76121
76124
76136
76147
76162
76163
76181
76185
76228
76238
76239
76241
76246
76250
76251
76253
76261
76263
76265
76267
76352
76363
76367
76373
76385
76436
76439
76444
76445
76446
76449
76452
76453
76454
76455
76457
76459
76462
76463
76464
76465
76466
76467
10101
76468
76470
76472
76474
76475
76481
10102
76484
76485
76486
76490
76518
76519
76525
76527
76531
76533
76538
76539
76556
76558
76565
76566
76569
10108
76622
76623
76626
76627
10109
76628
76631
76632
76636
76637
76641
76644
76649
76650
76652
76653
76660
76666
76670
76671
76673
76676
76679
10113
76681
76685
76686
76687
76690
10114
76693
76703
76714
76715
76716
10116
76803
76804
76820
76824
76825
76827
76832
76836
76837
76841
76842
76844
76845
76848
76852
76853
76854
76855
76856
76858
76859
76862
76864
76865
76866
76869
76870
76871
76872
76873
76874
76877
76880
76883
76885
76887
76890
76904
76906
76930
76932
76936
76937
76943
76949
76950
76951
76953
76955
76957
76958
10124
77001
77008
10125
10126
10129
10130
10131
10132
10133
77083
10138
10149
77206
77207
77208
77210
77212
77213
77215
77216
77217
77218
77219
77220
77221
77222
77223
77224
77225
77226
77227
77228
77229
77230
77231
77233
77234
77235
77236
77237
77238
77240
77241
77242
77243
77244
77245
77246
77247
77248
77249
77250
77251
77252
77253
77254
77255
77256
77257
77258
77259
77260
77261
77262
77263
77265
77266
77267
77268
77269
77270
77271
77272
77273
77274
77275
77276
10156
77277
77278
77279
77280
77282
77284
77285
77286
77287
77288
77289
77290
77291
77292
77293
77294
77296
77297
77298
77299
77315
10159
77334
77336
10160
77342
77353
10163
10164
77383
77387
77391
77393
77402
77410
77411
77433
77441
77443
77447
77455
77460
77464
77465
77470
10172
77482
77487
77492
77496
77501
77508
77512
77516
77518
77522
77542
77552
10178
77572
77588
10184
77612
10185
10196
77631
10197
77664
77670
77703
77710
10203
77725
77726
77805
77806
10211
77830
77831
77834
77837
10212
77845
77850
77852
77855
77856
10213
77857
77859
77861
77865
77870
77871
77878
77879
77882
77902
77961
10257
77974
77977
10258
10259
10260
78019
78021
10261
78029
10265
78042
78044
78049
78055
10268
10269
78067
78076
78104
78109
78121
78125
10272
78131
78143
10273
78145
78156
10274
10275
10276
10277
78244
78246
10280
78265
78268
78269
78270
78278
78279
78280
78283
78333
78335
78338
78341
78344
78349
10292
78353
78355
78357
78360
78361
78364
78369
78371
78375
78376
78381
78403
78426
78427
78460
78463
78465
78466
78467
78468
78472
78480
78502
78505
78522
78523
78536
78540
78545
78547
78548
78549
78561
78564
78565
78568
78569
78576
78584
78585
78590
78591
78594
78598
01380
78618
78627
78630
78646
78667
78677
78680
78691
78709
78711
78713
78714
78715
78716
78718
78720
78755
78760
78761
78762
78763
78764
78765
78766
78767
78768
78769
78802
78836
78851
78853
78940
78946
78951
78954
79001
79021
79032
79033
79043
79053
79073
79077
79087
79094
79114
79116
79117
79159
79220
79221
79223
79225
79227
79229
79231
79233
79234
79236
79239
79240
79243
79244
79247
79252
79255
79256
79257
79259
79261
79314
79320
79324
79326
79338
79344
79353
79355
79369
79370
79383
79452
79453
79464
79490
79493
79499
79502
79505
79511
79516
79518
79519
79528
79532
79534
79538
79540
79544
79547
79548
79550
79560
79565
79608
79708
79710
79712
79713
79721
79730
79733
79735
79738
79739
79740
79741
79743
79744
79748
79749
79754
79755
79759
79768
79769
79770
79778
79780
79781
79783
79785
79786
79788
79842
79848
79854
79913
79914
79917
79923
79924
79926
79929
79931
79937
79940
79941
79942
79943
79944
79945
79946
79947
79948
79949
79950
79951
79952
79953
79954
79955
79990
79995
79996
79997
79998
79999
80001
80006
80034
80035
80036
80037
80038
80040
80041
80042
80044
80046
80047
80106
80150
80151
80155
80160
80161
80162
80163
80201
80217
80306
80307
80308
80402
80437
80502
80522
80527
80539
80553
80648
10602
80833
80835
80864
80931
80932
80933
80934
80935
80936
80937
80949
10702
80960
80962
80970
81021
81025
81041
81043
81102
81126
81143
81153
10802
81157
81224
81225
81402
81502
81602
81612
81626
10916
82331
82428
82717
82845
82902
83205
83206
83233
83238
83243
83281
83303
83354
83403
83405
83466
83469
83542
83601
83606
83630
83657
83671
83677
83680
83701
83711
83715
83719
83799
83877
84034
84038
84079
84089
84110
84125
84126
84127
84130
84131
84138
84145
84147
11022
84148
84151
84152
84157
84158
84165
84170
84313
84319
84323
84329
84331
11027
84336
84402
84408
84409
84412
84415
84510
84518
84531
84536
84710
84722
84728
84732
84736
84744
84771
84791
85001
85002
85005
85010
85011
85030
85036
85038
85046
85055
85060
85061
85062
85063
85064
85066
85067
85068
85069
85070
85071
85072
85074
85075
85076
85077
85078
85079
85080
85082
11202
85230
85235
85237
85244
85246
85252
85261
85267
85271
85274
85275
85277
85278
85280
85285
85289
85299
85318
85359
85380
85502
85547
85608
85628
85636
85644
85662
85670
85671
85702
85703
85717
85720
85722
85725
85731
85732
85733
85734
85740
85751
85752
85754
85902
85922
86002
86003
11240
86339
86343
86402
86405
86412
86433
86435
86439
86443
86444
86446
11247
86520
86544
86547
87103
87119
87125
87153
87154
87174
87176
87184
87185
87190
87191
87192
87193
87194
87195
87196
87197
87198
87199
87305
87499
87502
87504
87592
87594
87724
88004
88006
88013
88031
88102
88126
88133
88202
88221
88241
11386
88311
88355
88421
88422
88510
88511
88512
88513
88514
88515
88516
88517
88518
88519
88520
88521
88523
88524
88525
88526
88527
88528
88529
88530
88531
88532
88533
88534
88535
88536
88538
88539
88540
88541
88542
88543
88544
88545
88546
88547
88548
88549
88550
88553
88554
88555
88556
88557
88558
88559
88560
88561
88562
88563
88565
88566
88567
88568
88569
88570
88571
88572
88573
88574
88575
88576
88577
88578
88579
88580
88581
88582
88583
88584
88585
88586
88587
88588
88589
88590
88595
88905
89006
89016
89053
89077
89105
89112
89116
89125
89126
89127
89132
89136
89137
89140
89157
89160
89162
89170
89177
89180
89185
89193
89404
89407
89422
89432
89435
89446
89452
89504
89505
89507
89513
89515
89520
89533
89570
89702
89721
89802
89803
11531
90030
90050
90051
90053
90054
90055
90060
90070
90072
90075
90076
90078
90080
90081
90082
90083
90087
90091
90093
90202
90209
90224
11551
90239
90264
90267
90294
90296
90306
90307
90308
90309
90310
90312
90406
90407
90408
90409
90410
90411
90607
90608
90609
90610
90624
90633
90651
90652
90661
90662
90671
90702
90704
90706
90711
90721
90733
90734
90748
90749
90801
90809
90832
90842
90853
91003
11571
91012
91017
91021
91031
91043
91066
91077
91102
91114
91115
91116
91117
91118
91199
91221
91222
91224
91225
91226
91305
91310
11582
91322
91328
91333
91346
91357
91372
91385
91386
91392
91393
91394
91395
91396
91404
91407
91408
91410
91412
91413
91416
91426
91503
91507
91508
91510
91603
91609
91610
91614
91615
91616
91617
91618
91716
91749
91769
91778
91785
91802
91896
91899
91903
91912
91921
91947
91951
11707
92013
92033
92038
92039
92046
92049
92051
92072
92074
92079
92085
92112
92137
92138
92142
92143
92149
92150
92153
92159
92160
92162
92163
92164
92165
92166
92167
92168
92169
92170
92171
92172
92174
92175
92176
92177
92178
11724
92186
92190
92191
92192
92193
92194
92195
92196
92197
92198
92202
92226
92232
92244
92247
92248
92261
92266
92292
92312
92329
92331
92332
92340
92375
92402
92406
92412
92413
92423
92427
92552
92554
92556
92607
92609
92625
92652
92678
92684
92685
11760
92812
92814
11763
92816
92817
92825
92877
93002
93005
93006
93007
93011
93014
93016
93031
93032
93034
93044
93061
93062
93093
93094
93099
93118
93160
93208
93216
93237
93258
93265
93275
93290
93303
93381
93382
93383
93384
93385
93386
93387
93388
93389
93390
93423
93426
93438
93443
93447
93448
93457
93461
93464
93483
93502
93515
93522
93556
93613
93627
93635
11802
93639
93661
93707
93708
93709
93712
93714
93715
93716
93717
93718
93729
93744
93745
93747
93755
93771
93772
93773
93774
93775
93776
93777
93778
93779
93790
93791
93792
93793
93794
93844
93902
93912
93915
93920
93922
93933
93942
93962
94011
94023
94026
94064
94066
94070
94074
94088
94089
94101
94103
94119
94120
94125
94126
94140
94141
94142
94147
94159
94164
94172
94199
94203
94204
94205
94206
94207
94208
94209
94211
94229
94230
94232
94234
94235
94236
94237
94239
94240
94244
94245
94246
94247
94248
94249
94250
94252
94254
94256
94257
94258
94259
94261
94262
94263
94267
94268
94269
94271
94273
94274
94277
94278
94279
94280
94282
94283
94284
94285
94286
94287
94288
94289
94290
94291
94293
94294
94295
94296
94297
94298
94299
94309
94527
94540
94581
94604
94614
94617
94620
94623
94624
94661
94662
94701
94712
94807
94808
94820
94912
94913
94915
94927
94942
94966
94976
94978
94979
95001
95009
95015
95021
95024
95026
95036
95043
95055
95056
95071
95077
95103
95106
95108
95109
95115
95150
95151
95152
95153
95154
95155
95156
95157
95158
95159
95160
95161
95164
95170
95172
95173
95201
95267
95269
95314
95325
95344
95352
95353
95378
95406
95424
95486
95502
95511
95514
95518
95526
95527
95528
95534
95545
95549
95552
95556
95558
95563
95568
95573
95585
95589
95595
95604
95609
95617
95631
95636
95644
95675
95679
95681
95685
95692
95696
95701
95712
95714
95715
95721
95759
95763
95798
95812
95813
12069
95851
95852
95853
95860
95865
95866
95894
95899
95910
95914
95916
95918
95919
95922
95923
95925
95935
95936
95938
12074
95939
95941
95944
95962
95970
95975
95977
95978
95979
95981
95984
95986
95992
96008
96009
96010
96011
96016
96024
96031
96033
96034
96035
96037
96038
96040
96041
96046
96047
96048
96050
96051
96052
96054
96057
96059
96061
96062
96063
96064
96065
96069
96071
96075
96084
96086
96087
96088
96091
96093
96096
96099
96108
96110
96111
96115
96116
96119
96125
96132
96152
96154
96709
96713
96721
96745
96767
96801
96802
96803
96804
96805
96806
96807
96808
96809
96810
96811
96812
96823
96824
96827
96828
96830
96835
96836
96837
96838
96839
96898
97075
97076
12141
97143
97207
97228
97238
97240
97242
97268
97269
97271
97272
97280
97281
97282
97283
97286
97290
97291
97292
97293
97294
97296
97298
97299
97307
97308
97309
97310
97425
97428
97440
97482
97528
97602
97604
97708
97709
97721
97722
97736
97817
97823
97826
97827
97874
12187
97902
97904
97905
97906
97909
97910
97917
98015
98035
98058
98061
98063
98082
98083
98093
98111
98113
98114
98124
12201
98127
98138
98139
98145
98160
98165
98171
98175
98194
98195
98206
98213
98227
98228
12207
98262
98286
98287
12212
98291
98297
98303
98315
12220
12224
12225
98401
98411
98412
98415
98417
98419
98442
98448
98464
98466
98490
98496
98497
98507
98508
98509
98511
98540
98544
98559
98668
98817
98904
98907
12261
12301
99165
99209
99210
99213
99214
99215
99219
12325
99228
12402
99509
99510
99511
99514
99519
99520
99521
99522
99523
99524
99545
99546
99571
99591
99605
99606
99619
99629
99643
99663
99687
99695
99697
99706
99707
99708
99710
99711
99724
12427
99747
99802
99803
99812
99950
33646
34290
60290
12470
12490
12551
12552
12602
12724
12727
12856
12864
01703
01704
01705
13022
01741
13051
13107
13136
13217
13218
13221
13235
13342
13442
13449
13457
13482
13488
13503
13505
13611
13639
01822
13671
01831
13752
13758
13761
13762
13763
13848
13851
14021
14095
14151
14205
14231
14443
14516
01903
14602
14652
14706
14722
14752
14758
14804
14805
14821
14823
14831
14860
14873
14876
14902
01949
15050
15051
15091
01971
15203
15227
15230
15232
15238
15242
15244
15274
15276
15336
15344
02027
15363
15422
15425
15432
15440
15444
15447
15484
15522
15548
15555
15560
15640
15660
15680
15685
02060
15727
15740
15763
15771
15828
15832
15922
15926
00716
02112
16041
16103
16107
02117
02123
16312
16512
16514
16532
02137
16670
16675
16728
16805
16850
16861
16864
02153
16911
16918
02156
17008
17014
02185
02187
17108
02196
17337
17405
17505
02228
02238
17605
17606
17607
17608
17739
02269
17773
17832
17867
17942
02304
17952
17957
02305
17966
17974
18044
02337
18348
18373
18430
18501
18502
18628
18654
18710
02362
18773
18814
18828
19016
19019
19092
02454
19099
19101
19105
02455
19155
19160
00733
19397
19398
02471
19404
19407
19408
19409
19415
02475
19484
19485
00734
19603
02495
19714
19715
19899
19903
19905
02541
20108
20113
20122
20153
20156
20168
20172
20177
20178
20188
20195
20355
20370
20389
20393
02634
20560
20585
20604
20697
20703
20704
20709
20717
20718
20719
20725
20726
20731
20738
20749
20750
20752
20753
20757
20768
20773
20775
20791
20792
20797
20813
20824
20825
20827
20830
20847
20848
20849
20875
20883
20884
20885
20891
20897
20908
20911
20913
20914
20915
20916
20918
21041
21094
21123
02713
02714
21270
21273
21279
21280
21281
21282
21283
21284
21285
21288
21404
21627
21653
02741
02742
21670
21681
21682
21683
21684
21685
21686
21687
21688
21705
21747
21748
21792
21802
21803
21843
21866
21922
22009
22038
22040
22093
22106
22183
22194
22195
22199
22215
22216
22219
02801
22320
02807
22528
22529
22544
22545
22555
22581
22604
22721
22739
23058
23064
23101
23107
23126
23155
23163
23187
23218
23241
02862
23242
23255
23260
23261
23285
23303
23327
23328
23345
23399
23431
23439
23466
23467
23471
23506
23541
23612
23822
23825
23845
23941
24001
24002
24003
02901
24004
24005
24006
24007
24008
24009
24010
24023
24024
24025
24026
24027
24028
24029
24030
24031
24032
24033
24034
24035
24036
24037
24038
24068
24130
24143
00775
02940
24402
24438
03040
24533
24543
24619
24824
24961